{
 "cells": [
  {
   "cell_type": "code",
   "execution_count": 1,
   "metadata": {},
   "outputs": [],
   "source": [
    "%matplotlib inline"
   ]
  },
  {
   "cell_type": "markdown",
   "metadata": {},
   "source": [
    "\n",
    "# Logistic Regression 3-class Classifier\n",
    "\n",
    "\n",
    "Show below is a logistic-regression classifiers decision boundaries on the\n",
    "first two dimensions (sepal length and width) of the `iris\n",
    "<https://en.wikipedia.org/wiki/Iris_flower_data_set>`_ dataset. The datapoints\n",
    "are colored according to their labels.\n",
    "\n",
    "\n"
   ]
  },
  {
   "cell_type": "code",
   "execution_count": 3,
   "metadata": {},
   "outputs": [
    {
     "name": "stdout",
     "output_type": "stream",
     "text": [
      "Automatically created module for IPython interactive environment\n",
      "[[5.1 3.5]\n",
      " [4.9 3. ]\n",
      " [4.7 3.2]\n",
      " [4.6 3.1]\n",
      " [5.  3.6]\n",
      " [5.4 3.9]\n",
      " [4.6 3.4]\n",
      " [5.  3.4]\n",
      " [4.4 2.9]\n",
      " [4.9 3.1]\n",
      " [5.4 3.7]\n",
      " [4.8 3.4]\n",
      " [4.8 3. ]\n",
      " [4.3 3. ]\n",
      " [5.8 4. ]\n",
      " [5.7 4.4]\n",
      " [5.4 3.9]\n",
      " [5.1 3.5]\n",
      " [5.7 3.8]\n",
      " [5.1 3.8]\n",
      " [5.4 3.4]\n",
      " [5.1 3.7]\n",
      " [4.6 3.6]\n",
      " [5.1 3.3]\n",
      " [4.8 3.4]\n",
      " [5.  3. ]\n",
      " [5.  3.4]\n",
      " [5.2 3.5]\n",
      " [5.2 3.4]\n",
      " [4.7 3.2]\n",
      " [4.8 3.1]\n",
      " [5.4 3.4]\n",
      " [5.2 4.1]\n",
      " [5.5 4.2]\n",
      " [4.9 3.1]\n",
      " [5.  3.2]\n",
      " [5.5 3.5]\n",
      " [4.9 3.6]\n",
      " [4.4 3. ]\n",
      " [5.1 3.4]\n",
      " [5.  3.5]\n",
      " [4.5 2.3]\n",
      " [4.4 3.2]\n",
      " [5.  3.5]\n",
      " [5.1 3.8]\n",
      " [4.8 3. ]\n",
      " [5.1 3.8]\n",
      " [4.6 3.2]\n",
      " [5.3 3.7]\n",
      " [5.  3.3]\n",
      " [7.  3.2]\n",
      " [6.4 3.2]\n",
      " [6.9 3.1]\n",
      " [5.5 2.3]\n",
      " [6.5 2.8]\n",
      " [5.7 2.8]\n",
      " [6.3 3.3]\n",
      " [4.9 2.4]\n",
      " [6.6 2.9]\n",
      " [5.2 2.7]\n",
      " [5.  2. ]\n",
      " [5.9 3. ]\n",
      " [6.  2.2]\n",
      " [6.1 2.9]\n",
      " [5.6 2.9]\n",
      " [6.7 3.1]\n",
      " [5.6 3. ]\n",
      " [5.8 2.7]\n",
      " [6.2 2.2]\n",
      " [5.6 2.5]\n",
      " [5.9 3.2]\n",
      " [6.1 2.8]\n",
      " [6.3 2.5]\n",
      " [6.1 2.8]\n",
      " [6.4 2.9]\n",
      " [6.6 3. ]\n",
      " [6.8 2.8]\n",
      " [6.7 3. ]\n",
      " [6.  2.9]\n",
      " [5.7 2.6]\n",
      " [5.5 2.4]\n",
      " [5.5 2.4]\n",
      " [5.8 2.7]\n",
      " [6.  2.7]\n",
      " [5.4 3. ]\n",
      " [6.  3.4]\n",
      " [6.7 3.1]\n",
      " [6.3 2.3]\n",
      " [5.6 3. ]\n",
      " [5.5 2.5]\n",
      " [5.5 2.6]\n",
      " [6.1 3. ]\n",
      " [5.8 2.6]\n",
      " [5.  2.3]\n",
      " [5.6 2.7]\n",
      " [5.7 3. ]\n",
      " [5.7 2.9]\n",
      " [6.2 2.9]\n",
      " [5.1 2.5]\n",
      " [5.7 2.8]\n",
      " [6.3 3.3]\n",
      " [5.8 2.7]\n",
      " [7.1 3. ]\n",
      " [6.3 2.9]\n",
      " [6.5 3. ]\n",
      " [7.6 3. ]\n",
      " [4.9 2.5]\n",
      " [7.3 2.9]\n",
      " [6.7 2.5]\n",
      " [7.2 3.6]\n",
      " [6.5 3.2]\n",
      " [6.4 2.7]\n",
      " [6.8 3. ]\n",
      " [5.7 2.5]\n",
      " [5.8 2.8]\n",
      " [6.4 3.2]\n",
      " [6.5 3. ]\n",
      " [7.7 3.8]\n",
      " [7.7 2.6]\n",
      " [6.  2.2]\n",
      " [6.9 3.2]\n",
      " [5.6 2.8]\n",
      " [7.7 2.8]\n",
      " [6.3 2.7]\n",
      " [6.7 3.3]\n",
      " [7.2 3.2]\n",
      " [6.2 2.8]\n",
      " [6.1 3. ]\n",
      " [6.4 2.8]\n",
      " [7.2 3. ]\n",
      " [7.4 2.8]\n",
      " [7.9 3.8]\n",
      " [6.4 2.8]\n",
      " [6.3 2.8]\n",
      " [6.1 2.6]\n",
      " [7.7 3. ]\n",
      " [6.3 3.4]\n",
      " [6.4 3.1]\n",
      " [6.  3. ]\n",
      " [6.9 3.1]\n",
      " [6.7 3.1]\n",
      " [6.9 3.1]\n",
      " [5.8 2.7]\n",
      " [6.8 3.2]\n",
      " [6.7 3.3]\n",
      " [6.7 3. ]\n",
      " [6.3 2.5]\n",
      " [6.5 3. ]\n",
      " [6.2 3.4]\n",
      " [5.9 3. ]]\n",
      "[0 0 0 0 0 0 0 0 0 0 0 0 0 0 0 0 0 0 0 0 0 0 0 0 0 0 0 0 0 0 0 0 0 0 0 0 0\n",
      " 0 0 0 0 0 0 0 0 0 0 0 0 0 1 1 1 1 1 1 1 1 1 1 1 1 1 1 1 1 1 1 1 1 1 1 1 1\n",
      " 1 1 1 1 1 1 1 1 1 1 1 1 1 1 1 1 1 1 1 1 1 1 1 1 1 1 2 2 2 2 2 2 2 2 2 2 2\n",
      " 2 2 2 2 2 2 2 2 2 2 2 2 2 2 2 2 2 2 2 2 2 2 2 2 2 2 2 2 2 2 2 2 2 2 2 2 2\n",
      " 2 2]\n"
     ]
    },
    {
     "name": "stderr",
     "output_type": "stream",
     "text": [
      "C:\\Users\\Admin\\Anaconda3\\lib\\site-packages\\sklearn\\linear_model\\logistic.py:433: FutureWarning: Default solver will be changed to 'lbfgs' in 0.22. Specify a solver to silence this warning.\n",
      "  FutureWarning)\n",
      "C:\\Users\\Admin\\Anaconda3\\lib\\site-packages\\sklearn\\linear_model\\logistic.py:460: FutureWarning: Default multi_class will be changed to 'auto' in 0.22. Specify the multi_class option to silence this warning.\n",
      "  \"this warning.\", FutureWarning)\n"
     ]
    },
    {
     "data": {
      "text/plain": [
       "array([[8.18055732e-01, 1.14097862e-01, 6.78464058e-02],\n",
       "       [6.42797304e-01, 2.24436589e-01, 1.32766107e-01],\n",
       "       [7.84776556e-01, 1.44100577e-01, 7.11228670e-02],\n",
       "       [7.66797923e-01, 1.58084082e-01, 7.51179956e-02],\n",
       "       [8.55266997e-01, 9.36240787e-02, 5.11089248e-02],\n",
       "       [8.78470717e-01, 7.29245310e-02, 4.86047521e-02],\n",
       "       [8.51198559e-01, 1.03365208e-01, 4.54362334e-02],\n",
       "       [8.02512711e-01, 1.25766962e-01, 7.17203270e-02],\n",
       "       [7.26685771e-01, 1.89461536e-01, 8.38526926e-02],\n",
       "       [7.00685653e-01, 1.89931008e-01, 1.09383339e-01],\n",
       "       [8.33096084e-01, 9.86963865e-02, 6.82075295e-02],\n",
       "       [8.29663231e-01, 1.13467452e-01, 5.68693170e-02],\n",
       "       [6.74870827e-01, 2.08987886e-01, 1.16141287e-01],\n",
       "       [7.81436561e-01, 1.55958913e-01, 6.26045259e-02],\n",
       "       [8.58774759e-01, 7.65846474e-02, 6.46405938e-02],\n",
       "       [9.30681938e-01, 3.97348576e-02, 2.95832048e-02],\n",
       "       [8.78470717e-01, 7.29245310e-02, 4.86047521e-02],\n",
       "       [8.18055732e-01, 1.14097862e-01, 6.78464058e-02],\n",
       "       [8.18456163e-01, 9.98247589e-02, 8.17190777e-02],\n",
       "       [8.85489489e-01, 7.34269559e-02, 4.10835551e-02],\n",
       "       [7.19638916e-01, 1.61894111e-01, 1.18466973e-01],\n",
       "       [8.66667055e-01, 8.48931756e-02, 4.84397689e-02],\n",
       "       [8.88911748e-01, 7.82361249e-02, 3.28521275e-02],\n",
       "       [7.46729135e-01, 1.56192955e-01, 9.70779106e-02],\n",
       "       [8.29663231e-01, 1.13467452e-01, 5.68693170e-02],\n",
       "       [6.06002704e-01, 2.41867747e-01, 1.52129549e-01],\n",
       "       [8.02512711e-01, 1.25766962e-01, 7.17203270e-02],\n",
       "       [8.03049802e-01, 1.20562939e-01, 7.63872590e-02],\n",
       "       [7.67103114e-01, 1.41398626e-01, 9.14982602e-02],\n",
       "       [7.84776556e-01, 1.44100577e-01, 7.11228670e-02],\n",
       "       [7.25983098e-01, 1.77863079e-01, 9.61538229e-02],\n",
       "       [7.19638916e-01, 1.61894111e-01, 1.18466973e-01],\n",
       "       [9.22403150e-01, 4.95759619e-02, 2.80208878e-02],\n",
       "       [9.18007341e-01, 4.89394432e-02, 3.30532153e-02],\n",
       "       [7.00685653e-01, 1.89931008e-01, 1.09383339e-01],\n",
       "       [7.24618291e-01, 1.72348337e-01, 1.03033372e-01],\n",
       "       [7.42854994e-01, 1.45873634e-01, 1.11271372e-01],\n",
       "       [8.64935131e-01, 8.93562548e-02, 4.57086144e-02],\n",
       "       [7.65562369e-01, 1.64057078e-01, 7.03805523e-02],\n",
       "       [7.86049920e-01, 1.33078574e-01, 8.08715060e-02],\n",
       "       [8.31250039e-01, 1.08331998e-01, 6.04179633e-02],\n",
       "       [2.53423658e-01, 4.70530027e-01, 2.76046315e-01],\n",
       "       [8.25239214e-01, 1.24374364e-01, 5.03864227e-02],\n",
       "       [8.31250039e-01, 1.08331998e-01, 6.04179633e-02],\n",
       "       [8.85489489e-01, 7.34269559e-02, 4.10835551e-02],\n",
       "       [6.74870827e-01, 2.08987886e-01, 1.16141287e-01],\n",
       "       [8.85489489e-01, 7.34269559e-02, 4.10835551e-02],\n",
       "       [7.99923901e-01, 1.36816234e-01, 6.32598656e-02],\n",
       "       [8.45627404e-01, 9.36325932e-02, 6.07400023e-02],\n",
       "       [7.67601691e-01, 1.46751831e-01, 8.56464777e-02],\n",
       "       [2.24925959e-02, 3.94469338e-01, 5.83038066e-01],\n",
       "       [1.13911940e-01, 3.95536458e-01, 4.90551602e-01],\n",
       "       [1.86246362e-02, 4.06129321e-01, 5.75246043e-01],\n",
       "       [2.22116379e-02, 5.04948448e-01, 4.72839914e-01],\n",
       "       [1.40255452e-02, 4.40714383e-01, 5.45260072e-01],\n",
       "       [1.20701994e-01, 4.50719380e-01, 4.28578626e-01],\n",
       "       [2.13168979e-01, 3.58906508e-01, 4.27924513e-01],\n",
       "       [1.59794727e-01, 4.92336979e-01, 3.47868294e-01],\n",
       "       [1.69185626e-02, 4.30796885e-01, 5.52284553e-01],\n",
       "       [2.47840070e-01, 4.27037473e-01, 3.25122457e-01],\n",
       "       [2.22240385e-02, 5.35157616e-01, 4.42618346e-01],\n",
       "       [1.67473798e-01, 4.12803831e-01, 4.19722371e-01],\n",
       "       [3.54026158e-03, 4.81553138e-01, 5.14906600e-01],\n",
       "       [6.69479174e-02, 4.42717847e-01, 4.90334236e-01],\n",
       "       [2.21402898e-01, 4.10761053e-01, 3.67836049e-01],\n",
       "       [3.25891443e-02, 4.11299045e-01, 5.56111811e-01],\n",
       "       [3.05732336e-01, 3.69022429e-01, 3.25245234e-01],\n",
       "       [6.07425416e-02, 4.69495561e-01, 4.69761897e-01],\n",
       "       [2.05350354e-03, 4.74399840e-01, 5.23546657e-01],\n",
       "       [4.21723425e-02, 4.92007198e-01, 4.65820459e-01],\n",
       "       [3.29444326e-01, 3.35739534e-01, 3.34816140e-01],\n",
       "       [4.25670289e-02, 4.54106853e-01, 5.03326118e-01],\n",
       "       [6.09016170e-03, 4.62235381e-01, 5.31674458e-01],\n",
       "       [4.25670289e-02, 4.54106853e-01, 5.03326118e-01],\n",
       "       [2.95646437e-02, 4.37303724e-01, 5.33131633e-01],\n",
       "       [2.70061407e-02, 4.23112077e-01, 5.49881782e-01],\n",
       "       [6.07067982e-03, 4.30873136e-01, 5.63056185e-01],\n",
       "       [2.04200432e-02, 4.20164966e-01, 5.59414991e-01],\n",
       "       [8.69492685e-02, 4.41754123e-01, 4.71296608e-01],\n",
       "       [5.06371498e-02, 4.81373159e-01, 4.67989691e-01],\n",
       "       [3.51060413e-02, 5.01470860e-01, 4.63423099e-01],\n",
       "       [3.51060413e-02, 5.01470860e-01, 4.63423099e-01],\n",
       "       [6.07425416e-02, 4.69495561e-01, 4.69761897e-01],\n",
       "       [3.53611201e-02, 4.65172368e-01, 4.99466512e-01],\n",
       "       [4.13944456e-01, 3.26866855e-01, 2.59188688e-01],\n",
       "       [4.67273515e-01, 2.62770492e-01, 2.69955993e-01],\n",
       "       [3.25891443e-02, 4.11299045e-01, 5.56111811e-01],\n",
       "       [2.45119531e-03, 4.68627014e-01, 5.28921791e-01],\n",
       "       [3.05732336e-01, 3.69022429e-01, 3.25245234e-01],\n",
       "       [5.51482534e-02, 4.94447016e-01, 4.50404730e-01],\n",
       "       [8.55451386e-02, 4.82064225e-01, 4.32390636e-01],\n",
       "       [1.03614771e-01, 4.25798302e-01, 4.70586927e-01],\n",
       "       [3.86314518e-02, 4.78745170e-01, 4.82623378e-01],\n",
       "       [8.42186503e-02, 5.18968474e-01, 3.96812875e-01],\n",
       "       [1.01784936e-01, 4.67212369e-01, 4.31002695e-01],\n",
       "       [2.54844474e-01, 3.86807880e-01, 3.58347646e-01],\n",
       "       [1.79060962e-01, 4.23388954e-01, 3.97550084e-01],\n",
       "       [5.12052608e-02, 4.41978789e-01, 5.06815950e-01],\n",
       "       [1.49448000e-01, 4.83100650e-01, 3.67451349e-01],\n",
       "       [1.20701994e-01, 4.50719380e-01, 4.28578626e-01],\n",
       "       [2.13168979e-01, 3.58906508e-01, 4.27924513e-01],\n",
       "       [6.07425416e-02, 4.69495561e-01, 4.69761897e-01],\n",
       "       [6.65648604e-03, 4.09073590e-01, 5.84269924e-01],\n",
       "       [3.89741651e-02, 4.40032695e-01, 5.20993140e-01],\n",
       "       [3.56536913e-02, 4.25743789e-01, 5.38602520e-01],\n",
       "       [1.67360918e-03, 4.02582055e-01, 5.95744336e-01],\n",
       "       [2.28058739e-01, 4.58079558e-01, 3.13861702e-01],\n",
       "       [2.41405605e-03, 4.13678143e-01, 5.83907801e-01],\n",
       "       [2.03030460e-03, 4.50107322e-01, 5.47862373e-01],\n",
       "       [8.20450129e-02, 3.40381493e-01, 5.77573494e-01],\n",
       "       [8.82652748e-02, 3.98867319e-01, 5.12867407e-01],\n",
       "       [1.16366024e-02, 4.49922644e-01, 5.38440753e-01],\n",
       "       [1.54266237e-02, 4.17138287e-01, 5.67435090e-01],\n",
       "       [3.21182322e-02, 4.88489940e-01, 4.79391828e-01],\n",
       "       [9.41563895e-02, 4.54759184e-01, 4.51084426e-01],\n",
       "       [1.13911940e-01, 3.95536458e-01, 4.90551602e-01],\n",
       "       [3.56536913e-02, 4.25743789e-01, 5.38602520e-01],\n",
       "       [5.23796456e-02, 3.12500334e-01, 6.35120021e-01],\n",
       "       [2.18114189e-04, 4.37333907e-01, 5.62447978e-01],\n",
       "       [3.54026158e-03, 4.81553138e-01, 5.14906600e-01],\n",
       "       [2.97644747e-02, 3.96756312e-01, 5.73479213e-01],\n",
       "       [1.52907138e-01, 4.43675725e-01, 4.03417137e-01],\n",
       "       [5.22657304e-04, 4.20937564e-01, 5.78539779e-01],\n",
       "       [1.53833269e-02, 4.53857529e-01, 5.30759144e-01],\n",
       "       [8.12435395e-02, 3.84847849e-01, 5.33908612e-01],\n",
       "       [1.28141815e-02, 3.89741976e-01, 5.97443842e-01],\n",
       "       [3.23443447e-02, 4.51341119e-01, 5.16314536e-01],\n",
       "       [1.03614771e-01, 4.25798302e-01, 4.70586927e-01],\n",
       "       [1.85488402e-02, 4.44380159e-01, 5.37071001e-01],\n",
       "       [5.03780039e-03, 4.07008309e-01, 5.87953890e-01],\n",
       "       [1.16991734e-03, 4.21029573e-01, 5.77800509e-01],\n",
       "       [2.99652442e-02, 3.11874206e-01, 6.58160550e-01],\n",
       "       [1.85488402e-02, 4.44380159e-01, 5.37071001e-01],\n",
       "       [2.45129185e-02, 4.47998654e-01, 5.27488428e-01],\n",
       "       [1.68689696e-02, 4.66884435e-01, 5.16246596e-01],\n",
       "       [1.27489439e-03, 4.02405732e-01, 5.96319373e-01],\n",
       "       [2.98218945e-01, 3.20508350e-01, 3.81272705e-01],\n",
       "       [7.37810723e-02, 4.14383740e-01, 5.11835188e-01],\n",
       "       [1.32567760e-01, 4.20800302e-01, 4.46631938e-01],\n",
       "       [1.86246362e-02, 4.06129321e-01, 5.75246043e-01],\n",
       "       [3.25891443e-02, 4.11299045e-01, 5.56111811e-01],\n",
       "       [1.86246362e-02, 4.06129321e-01, 5.75246043e-01],\n",
       "       [6.07425416e-02, 4.69495561e-01, 4.69761897e-01],\n",
       "       [3.93090503e-02, 3.98691219e-01, 5.61999731e-01],\n",
       "       [8.12435395e-02, 3.84847849e-01, 5.33908612e-01],\n",
       "       [2.04200432e-02, 4.20164966e-01, 5.59414991e-01],\n",
       "       [6.09016170e-03, 4.62235381e-01, 5.31674458e-01],\n",
       "       [3.56536913e-02, 4.25743789e-01, 5.38602520e-01],\n",
       "       [3.53714579e-01, 3.02683582e-01, 3.43601840e-01],\n",
       "       [1.67473798e-01, 4.12803831e-01, 4.19722371e-01]])"
      ]
     },
     "execution_count": 3,
     "metadata": {},
     "output_type": "execute_result"
    }
   ],
   "source": [
    "print(__doc__)\n",
    "\n",
    "# Code source: Gaël Varoquaux\n",
    "# Modified for documentation by Jaques Grobler\n",
    "# License: BSD 3 clause\n",
    "\n",
    "import numpy as np\n",
    "import matplotlib.pyplot as plt\n",
    "from sklearn.linear_model import LogisticRegression\n",
    "from sklearn import datasets\n",
    "\n",
    "# import some data to play with\n",
    "iris = datasets.load_iris()\n",
    "X = iris.data[:, :2]  # we only take the first two features.\n",
    "Y = iris.target\n",
    "print(X)\n",
    "print(Y)\n",
    "\n",
    "logreg = LogisticRegression()\n",
    "\n",
    "# Create an instance of Logistic Regression Classifier and fit the data.\n",
    "logreg.fit(X, Y)\n",
    "\n",
    "logreg.predict_proba(X)"
   ]
  },
  {
   "cell_type": "code",
   "execution_count": null,
   "metadata": {},
   "outputs": [],
   "source": []
  }
 ],
 "metadata": {
  "kernelspec": {
   "display_name": "Python 3",
   "language": "python",
   "name": "python3"
  },
  "language_info": {
   "codemirror_mode": {
    "name": "ipython",
    "version": 3
   },
   "file_extension": ".py",
   "mimetype": "text/x-python",
   "name": "python",
   "nbconvert_exporter": "python",
   "pygments_lexer": "ipython3",
   "version": "3.7.1"
  }
 },
 "nbformat": 4,
 "nbformat_minor": 1
}
